var feature_geometry = ee.Geometry(
{
  "type": "Polygon",
  "coordinates": [[
      [
        -51.504103410045104,
        -6.987323346157155
      ],
      [
        -51.446425187388854,
        -7.009132304238285
      ],
      [
        -51.405226456920104,
        -7.047295523263417
      ],
      [
        -51.361281144420104,
        -7.055472947677313
      ],
      [
        -51.306349503795104,
        -7.017310400570299
      ],
      [
        -51.270643937388854,
        -6.9791447243963765
      ],
      [
        -51.185499894420104,
        -6.943702380736244
      ],
      [
        -51.136061417857604,
        -6.8946239609331
      ],
      [
        -51.083876359263854,
        -6.867355973145962
      ],
      [
        -50.990492570201354,
        -6.812815314626546
      ],
      [
        -50.938307511607604,
        -6.747358340293511
      ],
      [
        -50.916334855357604,
        -6.70098762482442
      ],
      [
        -50.979506242076354,
        -6.665524688948629
      ],
      [
        -51.020704972545104,
        -6.610961321627744
      ],
      [
        -51.034437882701354,
        -6.5727633779950265
      ],
      [
        -51.048170792857604,
        -6.422671777617284
      ],
      [
        -51.070143449107604,
        -6.381729978295532
      ],
      [
        -51.119581925670104,
        -6.302566572160283
      ],
      [
        -51.314589249888854,
        -6.327135825743337
      ],
      [
        -51.781508195201354,
        -6.379000408427966
      ],
      [
        -52.240187394420104,
        -6.5563919314452885
      ],
      [
        -52.229201066295104,
        -6.597319536818046
      ],
      [
        -52.086378800670104,
        -6.913710619133304
      ],
      [
        -52.039686906138854,
        -7.044569683054417
      ],
      [
        -51.927077042857604,
        -7.009132304238285
      ],
      [
        -51.877638566295104,
        -6.992775681185633
      ],
      [
        -51.806227433482604,
        -6.976418485375603
      ],
      [
        -51.748549210826354,
        -6.973692230481393
      ],
      [
        -51.685377824107604,
        -6.998227952574394
      ],
      [
        -51.630446183482604,
        -7.009132304238285
      ],
      [
        -51.581007706920104,
        -7.000954064388692
      ],
      [
        -51.504103410045104,
        -6.987323346157155
      ]
    ]
  ]
})

Map.addLayer(feature_geometry)